(kicad_pcb (version 20171130) (host pcbnew "(5.1.6-0-10_14)")

  (general
    (thickness 1.6)
    (drawings 8)
    (tracks 590)
    (zones 0)
    (modules 79)
    (nets 66)
  )

  (page A4)
  (layers
    (0 F.Cu signal)
    (31 B.Cu signal)
    (32 B.Adhes user)
    (33 F.Adhes user)
    (34 B.Paste user)
    (35 F.Paste user)
    (36 B.SilkS user)
    (37 F.SilkS user)
    (38 B.Mask user)
    (39 F.Mask user)
    (40 Dwgs.User user)
    (41 Cmts.User user)
    (42 Eco1.User user)
    (43 Eco2.User user)
    (44 Edge.Cuts user)
    (45 Margin user)
    (46 B.CrtYd user)
    (47 F.CrtYd user)
    (48 B.Fab user)
    (49 F.Fab user)
  )

  (setup
    (last_trace_width 0.25)
    (trace_clearance 0.2)
    (zone_clearance 0.508)
    (zone_45_only no)
    (trace_min 0.2)
    (via_size 0.8)
    (via_drill 0.4)
    (via_min_size 0.4)
    (via_min_drill 0.3)
    (uvia_size 0.3)
    (uvia_drill 0.1)
    (uvias_allowed no)
    (uvia_min_size 0.2)
    (uvia_min_drill 0.1)
    (edge_width 0.05)
    (segment_width 0.2)
    (pcb_text_width 0.3)
    (pcb_text_size 1.5 1.5)
    (mod_edge_width 0.12)
    (mod_text_size 1 1)
    (mod_text_width 0.15)
    (pad_size 6.35 6.35)
    (pad_drill 3.175)
    (pad_to_mask_clearance 0.05)
    (aux_axis_origin 0 0)
    (visible_elements FFFDFF7F)
    (pcbplotparams
      (layerselection 0x010fc_ffffffff)
      (usegerberextensions false)
      (usegerberattributes false)
      (usegerberadvancedattributes false)
      (creategerberjobfile true)
      (excludeedgelayer true)
      (linewidth 0.100000)
      (plotframeref false)
      (viasonmask false)
      (mode 1)
      (useauxorigin false)
      (hpglpennumber 1)
      (hpglpenspeed 20)
      (hpglpendiameter 15.000000)
      (psnegative false)
      (psa4output false)
      (plotreference true)
      (plotvalue true)
      (plotinvisibletext false)
      (padsonsilk false)
      (subtractmaskfromsilk false)
      (outputformat 1)
      (mirror false)
      (drillshape 0)
      (scaleselection 1)
      (outputdirectory "gerber-5/"))
  )

  (net 0 "")
  (net 1 "Net-(BUZZ1-Pad4)")
  (net 2 5V)
  (net 3 "Net-(BUZZ1-Pad3)")
  (net 4 "Net-(BUZZ1-Pad2)")
  (net 5 GND)
  (net 6 SET_ALARM_EN)
  (net 7 SET_LOCK)
  (net 8 SET_PWR_ON_OFF)
  (net 9 +12V)
  (net 10 3.3V)
  (net 11 SER_IN)
  (net 12 SER_CLK)
  (net 13 ALARM1_LOW)
  (net 14 ~SER_CLR)
  (net 15 ALARM1_MED)
  (net 16 SER_RCLK)
  (net 17 ALARM1_HIGH)
  (net 18 "Net-(CONN2-Pad5)")
  (net 19 "Net-(CONN2-Pad4)")
  (net 20 "Net-(CONN2-Pad3)")
  (net 21 "Net-(CONN2-Pad2)")
  (net 22 "Net-(CONN3-Pad1)")
  (net 23 "Net-(CONN3-Pad4)")
  (net 24 "Net-(J1-Pad2)")
  (net 25 "Net-(J1-Pad3)")
  (net 26 "Net-(J1-Pad4)")
  (net 27 "Net-(J1-Pad5)")
  (net 28 "Net-(J1-Pad6)")
  (net 29 "Net-(J1-Pad7)")
  (net 30 "Net-(J1-Pad8)")
  (net 31 "Net-(J1-Pad9)")
  (net 32 "Net-(Q1-Pad3)")
  (net 33 "Net-(Q2-Pad3)")
  (net 34 "Net-(Q3-Pad3)")
  (net 35 "Net-(Q4-Pad3)")
  (net 36 LEDG_EN)
  (net 37 LEDR_EN)
  (net 38 LEDB_EN)
  (net 39 SW1_LED)
  (net 40 SW2_LED)
  (net 41 SW3_LED)
  (net 42 SW4_LED)
  (net 43 "Net-(U1-Pad9)")
  (net 44 "Net-(CONN1-Pad5)")
  (net 45 "Net-(CONN1-Pad6)")
  (net 46 "Net-(CONN1-Pad7)")
  (net 47 "Net-(CONN1-Pad8)")
  (net 48 "Net-(CONN1-Pad9)")
  (net 49 "Net-(CONN1-Pad10)")
  (net 50 "Net-(CONN1-Pad11)")
  (net 51 "Net-(CONN1-Pad12)")
  (net 52 "Net-(CONN1-Pad13)")
  (net 53 "Net-(CONN1-Pad14)")
  (net 54 "Net-(CONN1-Pad15)")
  (net 55 "Net-(CONN1-Pad16)")
  (net 56 "Net-(R41-Pad1)")
  (net 57 "Net-(R42-Pad1)")
  (net 58 "Net-(R43-Pad1)")
  (net 59 "Net-(R44-Pad1)")
  (net 60 "Net-(R45-Pad1)")
  (net 61 "Net-(R46-Pad1)")
  (net 62 "Net-(R47-Pad1)")
  (net 63 "Net-(U1-Pad14)")
  (net 64 SET_100_O2)
  (net 65 SET_MANUAL_BREATH)

  (net_class Default "This is the default net class."
    (clearance 0.2)
    (trace_width 0.25)
    (via_dia 0.8)
    (via_drill 0.4)
    (uvia_dia 0.3)
    (uvia_drill 0.1)
    (add_net ALARM1_HIGH)
    (add_net ALARM1_LOW)
    (add_net ALARM1_MED)
    (add_net LEDB_EN)
    (add_net LEDG_EN)
    (add_net LEDR_EN)
    (add_net "Net-(BUZZ1-Pad2)")
    (add_net "Net-(BUZZ1-Pad3)")
    (add_net "Net-(BUZZ1-Pad4)")
    (add_net "Net-(CONN1-Pad10)")
    (add_net "Net-(CONN1-Pad11)")
    (add_net "Net-(CONN1-Pad12)")
    (add_net "Net-(CONN1-Pad13)")
    (add_net "Net-(CONN1-Pad14)")
    (add_net "Net-(CONN1-Pad15)")
    (add_net "Net-(CONN1-Pad16)")
    (add_net "Net-(CONN1-Pad5)")
    (add_net "Net-(CONN1-Pad6)")
    (add_net "Net-(CONN1-Pad7)")
    (add_net "Net-(CONN1-Pad8)")
    (add_net "Net-(CONN1-Pad9)")
    (add_net "Net-(CONN2-Pad2)")
    (add_net "Net-(CONN2-Pad3)")
    (add_net "Net-(CONN2-Pad4)")
    (add_net "Net-(CONN2-Pad5)")
    (add_net "Net-(CONN3-Pad1)")
    (add_net "Net-(CONN3-Pad4)")
    (add_net "Net-(J1-Pad2)")
    (add_net "Net-(J1-Pad3)")
    (add_net "Net-(J1-Pad4)")
    (add_net "Net-(J1-Pad5)")
    (add_net "Net-(J1-Pad6)")
    (add_net "Net-(J1-Pad7)")
    (add_net "Net-(J1-Pad8)")
    (add_net "Net-(J1-Pad9)")
    (add_net "Net-(Q1-Pad3)")
    (add_net "Net-(Q2-Pad3)")
    (add_net "Net-(Q3-Pad3)")
    (add_net "Net-(Q4-Pad3)")
    (add_net "Net-(R41-Pad1)")
    (add_net "Net-(R42-Pad1)")
    (add_net "Net-(R43-Pad1)")
    (add_net "Net-(R44-Pad1)")
    (add_net "Net-(R45-Pad1)")
    (add_net "Net-(R46-Pad1)")
    (add_net "Net-(R47-Pad1)")
    (add_net "Net-(U1-Pad14)")
    (add_net "Net-(U1-Pad9)")
    (add_net SER_CLK)
    (add_net SER_IN)
    (add_net SER_RCLK)
    (add_net SET_100_O2)
    (add_net SET_ALARM_EN)
    (add_net SET_LOCK)
    (add_net SET_MANUAL_BREATH)
    (add_net SET_PWR_ON_OFF)
    (add_net SW1_LED)
    (add_net SW2_LED)
    (add_net SW3_LED)
    (add_net SW4_LED)
    (add_net ~SER_CLR)
  )

  (net_class Power ""
    (clearance 0.2)
    (trace_width 0.508)
    (via_dia 0.8)
    (via_drill 0.4)
    (uvia_dia 0.3)
    (uvia_drill 0.1)
    (add_net +12V)
    (add_net 3.3V)
    (add_net 5V)
    (add_net GND)
  )

  (module Connector_PinHeader_2.54mm:PinHeader_1x09_P2.54mm_Vertical (layer B.Cu) (tedit 59FED5CC) (tstamp 5F0A6DB4)
    (at 37.93998 4.7117 90)
    (descr "Through hole straight pin header, 1x09, 2.54mm pitch, single row")
    (tags "Through hole pin header THT 1x09 2.54mm single row")
    (path /5F074012/5F10AB91)
    (fp_text reference J1 (at -2.82194 -9.28624 180) (layer B.SilkS)
      (effects (font (size 1 1) (thickness 0.15)) (justify mirror))
    )
    (fp_text value Conn_01x09_Male (at 4.385 -22.59 90) (layer B.Fab)
      (effects (font (size 1 1) (thickness 0.15)) (justify mirror))
    )
    (fp_text user %R (at 2.77 -10.16 180) (layer B.Fab)
      (effects (font (size 1 1) (thickness 0.15)) (justify mirror))
    )
    (fp_line (start -0.635 1.27) (end 1.27 1.27) (layer B.Fab) (width 0.1))
    (fp_line (start 1.27 1.27) (end 1.27 -21.59) (layer B.Fab) (width 0.1))
    (fp_line (start 1.27 -21.59) (end -1.27 -21.59) (layer B.Fab) (width 0.1))
    (fp_line (start -1.27 -21.59) (end -1.27 0.635) (layer B.Fab) (width 0.1))
    (fp_line (start -1.27 0.635) (end -0.635 1.27) (layer B.Fab) (width 0.1))
    (fp_line (start -1.33 -21.65) (end 1.33 -21.65) (layer B.SilkS) (width 0.12))
    (fp_line (start -1.33 -1.27) (end -1.33 -21.65) (layer B.SilkS) (width 0.12))
    (fp_line (start 1.33 -1.27) (end 1.33 -21.65) (layer B.SilkS) (width 0.12))
    (fp_line (start -1.33 -1.27) (end 1.33 -1.27) (layer B.SilkS) (width 0.12))
    (fp_line (start -1.33 0) (end -1.33 1.33) (layer B.SilkS) (width 0.12))
    (fp_line (start -1.33 1.33) (end 0 1.33) (layer B.SilkS) (width 0.12))
    (fp_line (start -1.8 1.8) (end -1.8 -22.1) (layer B.CrtYd) (width 0.05))
    (fp_line (start -1.8 -22.1) (end 1.8 -22.1) (layer B.CrtYd) (width 0.05))
    (fp_line (start 1.8 -22.1) (end 1.8 1.8) (layer B.CrtYd) (width 0.05))
    (fp_line (start 1.8 1.8) (end -1.8 1.8) (layer B.CrtYd) (width 0.05))
    (pad 9 thru_hole oval (at 0 -20.32 90) (size 1.7 1.7) (drill 1) (layers *.Cu *.Mask)
      (net 31 "Net-(J1-Pad9)"))
    (pad 8 thru_hole oval (at 0 -17.78 90) (size 1.7 1.7) (drill 1) (layers *.Cu *.Mask)
      (net 30 "Net-(J1-Pad8)"))
    (pad 7 thru_hole oval (at 0 -15.24 90) (size 1.7 1.7) (drill 1) (layers *.Cu *.Mask)
      (net 29 "Net-(J1-Pad7)"))
    (pad 6 thru_hole oval (at 0 -12.7 90) (size 1.7 1.7) (drill 1) (layers *.Cu *.Mask)
      (net 28 "Net-(J1-Pad6)"))
    (pad 5 thru_hole oval (at 0 -10.16 90) (size 1.7 1.7) (drill 1) (layers *.Cu *.Mask)
      (net 27 "Net-(J1-Pad5)"))
    (pad 4 thru_hole oval (at 0 -7.62 90) (size 1.7 1.7) (drill 1) (layers *.Cu *.Mask)
      (net 26 "Net-(J1-Pad4)"))
    (pad 3 thru_hole oval (at 0 -5.08 90) (size 1.7 1.7) (drill 1) (layers *.Cu *.Mask)
      (net 25 "Net-(J1-Pad3)"))
    (pad 2 thru_hole oval (at 0 -2.54 90) (size 1.7 1.7) (drill 1) (layers *.Cu *.Mask)
      (net 24 "Net-(J1-Pad2)"))
    (pad 1 thru_hole rect (at 0 0 90) (size 1.7 1.7) (drill 1) (layers *.Cu *.Mask)
      (net 5 GND))
    (model ${KISYS3DMOD}/Connector_PinHeader_2.54mm.3dshapes/PinHeader_1x09_P2.54mm_Vertical.wrl
      (at (xyz 0 0 0))
      (scale (xyz 1 1 1))
      (rotate (xyz 0 0 0))
    )
  )

  (module Pufferfish:STANDOFF-ELECTRICAL-NOTHERMALS (layer F.Cu) (tedit 5F2FF66F) (tstamp 5F301183)
    (at -3.76174 6.37794)
    (descr "Standoff for #4 phillips button head screw (3mm hole diameter, with optional electrical connection)")
    (fp_text reference H4 (at 0 -3.302) (layer F.SilkS)
      (effects (font (size 1 1) (thickness 0.15)) (justify bottom))
    )
    (fp_text value STANDOFF_ELECTRICAL-NOTHERMALS (at 0 3.302) (layer F.Fab)
      (effects (font (size 1 1) (thickness 0.15)) (justify top))
    )
    (pad P1 thru_hole circle (at -0.04826 -0.02794) (size 6.35 6.35) (drill 3.175) (layers *.Cu *.Mask)
      (solder_mask_margin 0.1016) (zone_connect 2))
  )

  (module Pufferfish:STANDOFF-ELECTRICAL-NOTHERMALS (layer F.Cu) (tedit 5F2FF67D) (tstamp 5F30117F)
    (at -3.7592 50.77206)
    (descr "Standoff for #4 phillips button head screw (3mm hole diameter, with optional electrical connection)")
    (fp_text reference H4 (at 0 -3.302) (layer F.SilkS)
      (effects (font (size 1 1) (thickness 0.15)) (justify bottom))
    )
    (fp_text value STANDOFF_ELECTRICAL-NOTHERMALS (at 0 3.302) (layer F.Fab)
      (effects (font (size 1 1) (thickness 0.15)) (justify top))
    )
    (pad P1 thru_hole circle (at -0.0508 0.02794) (size 6.35 6.35) (drill 3.175) (layers *.Cu *.Mask)
      (solder_mask_margin 0.1016) (zone_connect 2))
  )

  (module Pufferfish:STANDOFF-ELECTRICAL-NOTHERMALS (layer F.Cu) (tedit 5F2FF694) (tstamp 5F30117B)
    (at 64.82842 50.7619)
    (descr "Standoff for #4 phillips button head screw (3mm hole diameter, with optional electrical connection)")
    (fp_text reference H4 (at 0 -3.302) (layer F.SilkS)
      (effects (font (size 1 1) (thickness 0.15)) (justify bottom))
    )
    (fp_text value STANDOFF_ELECTRICAL-NOTHERMALS (at 0 3.302) (layer F.Fab)
      (effects (font (size 1 1) (thickness 0.15)) (justify top))
    )
    (pad P1 thru_hole circle (at -0.05842 0.0381) (size 6.35 6.35) (drill 3.175) (layers *.Cu *.Mask)
      (solder_mask_margin 0.1016) (zone_connect 2))
  )

  (module Pufferfish:STANDOFF-ELECTRICAL-NOTHERMALS (layer F.Cu) (tedit 5F2FF68B) (tstamp 5F301177)
    (at 64.8081 6.3373)
    (descr "Standoff for #4 phillips button head screw (3mm hole diameter, with optional electrical connection)")
    (fp_text reference H4 (at 0 -3.302) (layer F.SilkS)
      (effects (font (size 1 1) (thickness 0.15)) (justify bottom))
    )
    (fp_text value STANDOFF_ELECTRICAL-NOTHERMALS (at 0 3.302) (layer F.Fab)
      (effects (font (size 1 1) (thickness 0.15)) (justify top))
    )
    (pad P1 thru_hole circle (at -0.0381 0.0127) (size 6.35 6.35) (drill 3.175) (layers *.Cu *.Mask)
      (solder_mask_margin 0.1016) (zone_connect 2))
  )

  (module Package_TO_SOT_SMD:SuperSOT-3 (layer F.Cu) (tedit 5A02FF57) (tstamp 5F0A6E47)
    (at 37.592 53.34)
    (descr "3-pin SuperSOT package https://www.fairchildsemi.com/package-drawings/MA/MA03B.pdf")
    (tags "SuperSOT-3 SSOT-3")
    (path /5F073FE9/5EEC53F1)
    (attr smd)
    (fp_text reference Q7 (at 0 -2.35) (layer F.SilkS)
      (effects (font (size 1 1) (thickness 0.15)))
    )
    (fp_text value FDN337N (at 0 2.4) (layer F.Fab)
      (effects (font (size 1 1) (thickness 0.15)))
    )
    (fp_line (start 2.05 1.7) (end -2.05 1.7) (layer F.CrtYd) (width 0.05))
    (fp_line (start 2.05 1.7) (end 2.05 -1.7) (layer F.CrtYd) (width 0.05))
    (fp_line (start -2.05 -1.7) (end -2.05 1.7) (layer F.CrtYd) (width 0.05))
    (fp_line (start -2.05 -1.7) (end 2.05 -1.7) (layer F.CrtYd) (width 0.05))
    (fp_line (start -0.15 -1.45) (end 0.7 -1.45) (layer F.Fab) (width 0.12))
    (fp_line (start -0.7 -0.9) (end -0.15 -1.45) (layer F.Fab) (width 0.12))
    (fp_line (start -0.7 1.45) (end -0.7 -0.9) (layer F.Fab) (width 0.12))
    (fp_line (start 0.7 1.45) (end -0.7 1.45) (layer F.Fab) (width 0.12))
    (fp_line (start 0.7 -1.45) (end 0.7 1.45) (layer F.Fab) (width 0.12))
    (fp_line (start 0.85 -1.6) (end 0.85 -0.65) (layer F.SilkS) (width 0.12))
    (fp_line (start -1.75 -1.6) (end 0.85 -1.6) (layer F.SilkS) (width 0.12))
    (fp_line (start 0.85 0.65) (end 0.85 1.45) (layer F.SilkS) (width 0.12))
    (fp_text user %R (at 0 0 90) (layer F.Fab)
      (effects (font (size 0.5 0.5) (thickness 0.075)))
    )
    (pad 3 smd rect (at 1.1 0) (size 1.4 1) (layers F.Cu F.Paste F.Mask)
      (net 1 "Net-(BUZZ1-Pad4)"))
    (pad 2 smd rect (at -1.1 0.95) (size 1.4 1) (layers F.Cu F.Paste F.Mask)
      (net 5 GND))
    (pad 1 smd rect (at -1.1 -0.95) (size 1.4 1) (layers F.Cu F.Paste F.Mask)
      (net 13 ALARM1_LOW))
    (model ${KISYS3DMOD}/Package_TO_SOT_SMD.3dshapes/SuperSOT-3.wrl
      (at (xyz 0 0 0))
      (scale (xyz 1 1 1))
      (rotate (xyz 0 0 0))
    )
  )

  (module Package_TO_SOT_SMD:SuperSOT-3 (layer B.Cu) (tedit 5A02FF57) (tstamp 5F0A6E32)
    (at 19.27606 33.25876)
    (descr "3-pin SuperSOT package https://www.fairchildsemi.com/package-drawings/MA/MA03B.pdf")
    (tags "SuperSOT-3 SSOT-3")
    (path /5F073FE9/5EEB3742)
    (attr smd)
    (fp_text reference Q6 (at 0 2.35) (layer B.SilkS)
      (effects (font (size 1 1) (thickness 0.15)) (justify mirror))
    )
    (fp_text value FDN337N (at 0 -2.4) (layer B.Fab)
      (effects (font (size 1 1) (thickness 0.15)) (justify mirror))
    )
    (fp_line (start 2.05 -1.7) (end -2.05 -1.7) (layer B.CrtYd) (width 0.05))
    (fp_line (start 2.05 -1.7) (end 2.05 1.7) (layer B.CrtYd) (width 0.05))
    (fp_line (start -2.05 1.7) (end -2.05 -1.7) (layer B.CrtYd) (width 0.05))
    (fp_line (start -2.05 1.7) (end 2.05 1.7) (layer B.CrtYd) (width 0.05))
    (fp_line (start -0.15 1.45) (end 0.7 1.45) (layer B.Fab) (width 0.12))
    (fp_line (start -0.7 0.9) (end -0.15 1.45) (layer B.Fab) (width 0.12))
    (fp_line (start -0.7 -1.45) (end -0.7 0.9) (layer B.Fab) (width 0.12))
    (fp_line (start 0.7 -1.45) (end -0.7 -1.45) (layer B.Fab) (width 0.12))
    (fp_line (start 0.7 1.45) (end 0.7 -1.45) (layer B.Fab) (width 0.12))
    (fp_line (start 0.85 1.6) (end 0.85 0.65) (layer B.SilkS) (width 0.12))
    (fp_line (start -1.75 1.6) (end 0.85 1.6) (layer B.SilkS) (width 0.12))
    (fp_line (start 0.85 -0.65) (end 0.85 -1.45) (layer B.SilkS) (width 0.12))
    (fp_text user %R (at 0 0 -90) (layer B.Fab)
      (effects (font (size 0.5 0.5) (thickness 0.075)) (justify mirror))
    )
    (pad 3 smd rect (at 1.1 0) (size 1.4 1) (layers B.Cu B.Paste B.Mask)
      (net 3 "Net-(BUZZ1-Pad3)"))
    (pad 2 smd rect (at -1.1 -0.95) (size 1.4 1) (layers B.Cu B.Paste B.Mask)
      (net 5 GND))
    (pad 1 smd rect (at -1.1 0.95) (size 1.4 1) (layers B.Cu B.Paste B.Mask)
      (net 15 ALARM1_MED))
    (model ${KISYS3DMOD}/Package_TO_SOT_SMD.3dshapes/SuperSOT-3.wrl
      (at (xyz 0 0 0))
      (scale (xyz 1 1 1))
      (rotate (xyz 0 0 0))
    )
  )

  (module Package_TO_SOT_SMD:SuperSOT-3 (layer B.Cu) (tedit 5A02FF57) (tstamp 5F0A6E1D)
    (at 12.07012 48.2551 270)
    (descr "3-pin SuperSOT package https://www.fairchildsemi.com/package-drawings/MA/MA03B.pdf")
    (tags "SuperSOT-3 SSOT-3")
    (path /5F073FE9/5EEC3023)
    (attr smd)
    (fp_text reference Q5 (at 0.00254 2.4257 90) (layer B.SilkS)
      (effects (font (size 1 1) (thickness 0.15)) (justify mirror))
    )
    (fp_text value FDN337N (at 0 -2.4 90) (layer B.Fab)
      (effects (font (size 1 1) (thickness 0.15)) (justify mirror))
    )
    (fp_line (start 2.05 -1.7) (end -2.05 -1.7) (layer B.CrtYd) (width 0.05))
    (fp_line (start 2.05 -1.7) (end 2.05 1.7) (layer B.CrtYd) (width 0.05))
    (fp_line (start -2.05 1.7) (end -2.05 -1.7) (layer B.CrtYd) (width 0.05))
    (fp_line (start -2.05 1.7) (end 2.05 1.7) (layer B.CrtYd) (width 0.05))
    (fp_line (start -0.15 1.45) (end 0.7 1.45) (layer B.Fab) (width 0.12))
    (fp_line (start -0.7 0.9) (end -0.15 1.45) (layer B.Fab) (width 0.12))
    (fp_line (start -0.7 -1.45) (end -0.7 0.9) (layer B.Fab) (width 0.12))
    (fp_line (start 0.7 -1.45) (end -0.7 -1.45) (layer B.Fab) (width 0.12))
    (fp_line (start 0.7 1.45) (end 0.7 -1.45) (layer B.Fab) (width 0.12))
    (fp_line (start 0.85 1.6) (end 0.85 0.65) (layer B.SilkS) (width 0.12))
    (fp_line (start -1.75 1.6) (end 0.85 1.6) (layer B.SilkS) (width 0.12))
    (fp_line (start 0.85 -0.65) (end 0.85 -1.45) (layer B.SilkS) (width 0.12))
    (fp_text user %R (at 0 0 180) (layer B.Fab)
      (effects (font (size 0.5 0.5) (thickness 0.075)) (justify mirror))
    )
    (pad 3 smd rect (at 1.1 0 270) (size 1.4 1) (layers B.Cu B.Paste B.Mask)
      (net 4 "Net-(BUZZ1-Pad2)"))
    (pad 2 smd rect (at -1.1 -0.95 270) (size 1.4 1) (layers B.Cu B.Paste B.Mask)
      (net 5 GND))
    (pad 1 smd rect (at -1.1 0.95 270) (size 1.4 1) (layers B.Cu B.Paste B.Mask)
      (net 17 ALARM1_HIGH))
    (model ${KISYS3DMOD}/Package_TO_SOT_SMD.3dshapes/SuperSOT-3.wrl
      (at (xyz 0 0 0))
      (scale (xyz 1 1 1))
      (rotate (xyz 0 0 0))
    )
  )

  (module Package_SO:SO-16_5.3x10.2mm_P1.27mm (layer F.Cu) (tedit 5EA5315B) (tstamp 5F0A7089)
    (at 23.52548 23.14956 90)
    (descr "SO, 16 Pin (https://www.ti.com/lit/ml/msop002a/msop002a.pdf), generated with kicad-footprint-generator ipc_gullwing_generator.py")
    (tags "SO SO")
    (path /5F073FC4/5F0B13E9)
    (attr smd)
    (fp_text reference U1 (at -2.37744 -6.25602 90) (layer F.SilkS)
      (effects (font (size 1 1) (thickness 0.15)))
    )
    (fp_text value STPIC6D595 (at 0 6.05 90) (layer F.Fab)
      (effects (font (size 1 1) (thickness 0.15)))
    )
    (fp_line (start 4.7 -5.35) (end -4.7 -5.35) (layer F.CrtYd) (width 0.05))
    (fp_line (start 4.7 5.35) (end 4.7 -5.35) (layer F.CrtYd) (width 0.05))
    (fp_line (start -4.7 5.35) (end 4.7 5.35) (layer F.CrtYd) (width 0.05))
    (fp_line (start -4.7 -5.35) (end -4.7 5.35) (layer F.CrtYd) (width 0.05))
    (fp_line (start -2.65 -4.1) (end -1.65 -5.1) (layer F.Fab) (width 0.1))
    (fp_line (start -2.65 5.1) (end -2.65 -4.1) (layer F.Fab) (width 0.1))
    (fp_line (start 2.65 5.1) (end -2.65 5.1) (layer F.Fab) (width 0.1))
    (fp_line (start 2.65 -5.1) (end 2.65 5.1) (layer F.Fab) (width 0.1))
    (fp_line (start -1.65 -5.1) (end 2.65 -5.1) (layer F.Fab) (width 0.1))
    (fp_line (start -2.76 -5.005) (end -4.45 -5.005) (layer F.SilkS) (width 0.12))
    (fp_line (start -2.76 -5.21) (end -2.76 -5.005) (layer F.SilkS) (width 0.12))
    (fp_line (start 0 -5.21) (end -2.76 -5.21) (layer F.SilkS) (width 0.12))
    (fp_line (start 2.76 -5.21) (end 2.76 -5.005) (layer F.SilkS) (width 0.12))
    (fp_line (start 0 -5.21) (end 2.76 -5.21) (layer F.SilkS) (width 0.12))
    (fp_line (start -2.76 5.21) (end -2.76 5.005) (layer F.SilkS) (width 0.12))
    (fp_line (start 0 5.21) (end -2.76 5.21) (layer F.SilkS) (width 0.12))
    (fp_line (start 2.76 5.21) (end 2.76 5.005) (layer F.SilkS) (width 0.12))
    (fp_line (start 0 5.21) (end 2.76 5.21) (layer F.SilkS) (width 0.12))
    (fp_text user %R (at 0 0 90) (layer F.Fab)
      (effects (font (size 1 1) (thickness 0.15)))
    )
    (pad 1 smd roundrect (at -3.4625 -4.445 90) (size 1.975 0.6) (layers F.Cu F.Paste F.Mask) (roundrect_rratio 0.25)
      (net 2 5V))
    (pad 2 smd roundrect (at -3.4625 -3.175 90) (size 1.975 0.6) (layers F.Cu F.Paste F.Mask) (roundrect_rratio 0.25)
      (net 32 "Net-(Q1-Pad3)"))
    (pad 3 smd roundrect (at -3.4625 -1.905 90) (size 1.975 0.6) (layers F.Cu F.Paste F.Mask) (roundrect_rratio 0.25)
      (net 56 "Net-(R41-Pad1)"))
    (pad 4 smd roundrect (at -3.4625 -0.635 90) (size 1.975 0.6) (layers F.Cu F.Paste F.Mask) (roundrect_rratio 0.25)
      (net 57 "Net-(R42-Pad1)"))
    (pad 5 smd roundrect (at -3.4625 0.635 90) (size 1.975 0.6) (layers F.Cu F.Paste F.Mask) (roundrect_rratio 0.25)
      (net 58 "Net-(R43-Pad1)"))
    (pad 6 smd roundrect (at -3.4625 1.905 90) (size 1.975 0.6) (layers F.Cu F.Paste F.Mask) (roundrect_rratio 0.25)
      (net 59 "Net-(R44-Pad1)"))
    (pad 7 smd roundrect (at -3.4625 3.175 90) (size 1.975 0.6) (layers F.Cu F.Paste F.Mask) (roundrect_rratio 0.25)
      (net 34 "Net-(Q3-Pad3)"))
    (pad 8 smd roundrect (at -3.4625 4.445 90) (size 1.975 0.6) (layers F.Cu F.Paste F.Mask) (roundrect_rratio 0.25)
      (net 5 GND))
    (pad 9 smd roundrect (at 3.4625 4.445 90) (size 1.975 0.6) (layers F.Cu F.Paste F.Mask) (roundrect_rratio 0.25)
      (net 43 "Net-(U1-Pad9)"))
    (pad 10 smd roundrect (at 3.4625 3.175 90) (size 1.975 0.6) (layers F.Cu F.Paste F.Mask) (roundrect_rratio 0.25)
      (net 35 "Net-(Q4-Pad3)"))
    (pad 11 smd roundrect (at 3.4625 1.905 90) (size 1.975 0.6) (layers F.Cu F.Paste F.Mask) (roundrect_rratio 0.25)
      (net 60 "Net-(R45-Pad1)"))
    (pad 12 smd roundrect (at 3.4625 0.635 90) (size 1.975 0.6) (layers F.Cu F.Paste F.Mask) (roundrect_rratio 0.25)
      (net 61 "Net-(R46-Pad1)"))
    (pad 13 smd roundrect (at 3.4625 -0.635 90) (size 1.975 0.6) (layers F.Cu F.Paste F.Mask) (roundrect_rratio 0.25)
      (net 62 "Net-(R47-Pad1)"))
    (pad 14 smd roundrect (at 3.4625 -1.905 90) (size 1.975 0.6) (layers F.Cu F.Paste F.Mask) (roundrect_rratio 0.25)
      (net 63 "Net-(U1-Pad14)"))
    (pad 15 smd roundrect (at 3.4625 -3.175 90) (size 1.975 0.6) (layers F.Cu F.Paste F.Mask) (roundrect_rratio 0.25)
      (net 33 "Net-(Q2-Pad3)"))
    (pad 16 smd roundrect (at 3.4625 -4.445 90) (size 1.975 0.6) (layers F.Cu F.Paste F.Mask) (roundrect_rratio 0.25)
      (net 5 GND))
    (model ${KISYS3DMOD}/Package_SO.3dshapes/SO-16_5.3x10.2mm_P1.27mm.wrl
      (at (xyz 0 0 0))
      (scale (xyz 1 1 1))
      (rotate (xyz 0 0 0))
    )
  )

  (module Pufferfish:RES_SMD_0805 (layer F.Cu) (tedit 5EBD67CB) (tstamp 5F0A7062)
    (at 56.388 18.796 180)
    (descr "Resistor SMD 0805 (2012 Metric), square (rectangular) end terminal, IPC_7351 nominal, (Body size source: https://docs.google.com/spreadsheets/d/1BsfQQcO9C6DZCsRaXUlFlo91Tg2WpOkGARC1WS5S8t0/edit?usp=sharing), generated with kicad-footprint-generator")
    (tags resistor)
    (path /5F074012/5EF4CF8C)
    (attr smd)
    (fp_text reference R28 (at 2.46126 0.18796 90) (layer F.SilkS)
      (effects (font (size 1 1) (thickness 0.15)))
    )
    (fp_text value RES_SMD_0805 (at 0 1.65) (layer F.Fab)
      (effects (font (size 1 1) (thickness 0.15)))
    )
    (fp_line (start 1.68 0.95) (end -1.68 0.95) (layer F.CrtYd) (width 0.05))
    (fp_line (start 1.68 -0.95) (end 1.68 0.95) (layer F.CrtYd) (width 0.05))
    (fp_line (start -1.68 -0.95) (end 1.68 -0.95) (layer F.CrtYd) (width 0.05))
    (fp_line (start -1.68 0.95) (end -1.68 -0.95) (layer F.CrtYd) (width 0.05))
    (fp_line (start -0.258578 0.71) (end 0.258578 0.71) (layer F.SilkS) (width 0.12))
    (fp_line (start -0.258578 -0.71) (end 0.258578 -0.71) (layer F.SilkS) (width 0.12))
    (fp_line (start 1 0.6) (end -1 0.6) (layer F.Fab) (width 0.1))
    (fp_line (start 1 -0.6) (end 1 0.6) (layer F.Fab) (width 0.1))
    (fp_line (start -1 -0.6) (end 1 -0.6) (layer F.Fab) (width 0.1))
    (fp_line (start -1 0.6) (end -1 -0.6) (layer F.Fab) (width 0.1))
    (fp_text user %R (at 0 0) (layer F.Fab)
      (effects (font (size 0.5 0.5) (thickness 0.08)))
    )
    (pad 1 smd roundrect (at -0.9375 0 180) (size 0.975 1.4) (layers F.Cu F.Paste F.Mask) (roundrect_rratio 0.25)
      (net 22 "Net-(CONN3-Pad1)"))
    (pad 2 smd roundrect (at 0.9375 0 180) (size 0.975 1.4) (layers F.Cu F.Paste F.Mask) (roundrect_rratio 0.25)
      (net 8 SET_PWR_ON_OFF))
    (model ${KISYS3DMOD}/Resistor_SMD.3dshapes/R_0805_2012Metric.wrl
      (at (xyz 0 0 0))
      (scale (xyz 1 1 1))
      (rotate (xyz 0 0 0))
    )
  )

  (module Pufferfish:RES_SMD_0805 (layer F.Cu) (tedit 5EBD67CB) (tstamp 5F0A7051)
    (at 56.388 16.256)
    (descr "Resistor SMD 0805 (2012 Metric), square (rectangular) end terminal, IPC_7351 nominal, (Body size source: https://docs.google.com/spreadsheets/d/1BsfQQcO9C6DZCsRaXUlFlo91Tg2WpOkGARC1WS5S8t0/edit?usp=sharing), generated with kicad-footprint-generator")
    (tags resistor)
    (path /5F074012/5EF4CF9A)
    (attr smd)
    (fp_text reference R27 (at 0.9525 -1.98374) (layer F.SilkS)
      (effects (font (size 1 1) (thickness 0.15)))
    )
    (fp_text value RES_SMD_0805 (at 0 1.65) (layer F.Fab)
      (effects (font (size 1 1) (thickness 0.15)))
    )
    (fp_line (start -1 0.6) (end -1 -0.6) (layer F.Fab) (width 0.1))
    (fp_line (start -1 -0.6) (end 1 -0.6) (layer F.Fab) (width 0.1))
    (fp_line (start 1 -0.6) (end 1 0.6) (layer F.Fab) (width 0.1))
    (fp_line (start 1 0.6) (end -1 0.6) (layer F.Fab) (width 0.1))
    (fp_line (start -0.258578 -0.71) (end 0.258578 -0.71) (layer F.SilkS) (width 0.12))
    (fp_line (start -0.258578 0.71) (end 0.258578 0.71) (layer F.SilkS) (width 0.12))
    (fp_line (start -1.68 0.95) (end -1.68 -0.95) (layer F.CrtYd) (width 0.05))
    (fp_line (start -1.68 -0.95) (end 1.68 -0.95) (layer F.CrtYd) (width 0.05))
    (fp_line (start 1.68 -0.95) (end 1.68 0.95) (layer F.CrtYd) (width 0.05))
    (fp_line (start 1.68 0.95) (end -1.68 0.95) (layer F.CrtYd) (width 0.05))
    (fp_text user %R (at 0 0) (layer F.Fab)
      (effects (font (size 0.5 0.5) (thickness 0.08)))
    )
    (pad 2 smd roundrect (at 0.9375 0) (size 0.975 1.4) (layers F.Cu F.Paste F.Mask) (roundrect_rratio 0.25)
      (net 22 "Net-(CONN3-Pad1)"))
    (pad 1 smd roundrect (at -0.9375 0) (size 0.975 1.4) (layers F.Cu F.Paste F.Mask) (roundrect_rratio 0.25)
      (net 10 3.3V))
    (model ${KISYS3DMOD}/Resistor_SMD.3dshapes/R_0805_2012Metric.wrl
      (at (xyz 0 0 0))
      (scale (xyz 1 1 1))
      (rotate (xyz 0 0 0))
    )
  )

  (module Pufferfish:RES_SMD_0805 (layer F.Cu) (tedit 5EBD67CB) (tstamp 5F0A7040)
    (at 34.798 19.304 180)
    (descr "Resistor SMD 0805 (2012 Metric), square (rectangular) end terminal, IPC_7351 nominal, (Body size source: https://docs.google.com/spreadsheets/d/1BsfQQcO9C6DZCsRaXUlFlo91Tg2WpOkGARC1WS5S8t0/edit?usp=sharing), generated with kicad-footprint-generator")
    (tags resistor)
    (path /5F074012/5EFFC78E)
    (attr smd)
    (fp_text reference R26 (at 3.03276 -0.35052) (layer F.SilkS)
      (effects (font (size 1 1) (thickness 0.15)))
    )
    (fp_text value RES_SMD_0805 (at 0 1.65) (layer F.Fab)
      (effects (font (size 1 1) (thickness 0.15)))
    )
    (fp_line (start 1.68 0.95) (end -1.68 0.95) (layer F.CrtYd) (width 0.05))
    (fp_line (start 1.68 -0.95) (end 1.68 0.95) (layer F.CrtYd) (width 0.05))
    (fp_line (start -1.68 -0.95) (end 1.68 -0.95) (layer F.CrtYd) (width 0.05))
    (fp_line (start -1.68 0.95) (end -1.68 -0.95) (layer F.CrtYd) (width 0.05))
    (fp_line (start -0.258578 0.71) (end 0.258578 0.71) (layer F.SilkS) (width 0.12))
    (fp_line (start -0.258578 -0.71) (end 0.258578 -0.71) (layer F.SilkS) (width 0.12))
    (fp_line (start 1 0.6) (end -1 0.6) (layer F.Fab) (width 0.1))
    (fp_line (start 1 -0.6) (end 1 0.6) (layer F.Fab) (width 0.1))
    (fp_line (start -1 -0.6) (end 1 -0.6) (layer F.Fab) (width 0.1))
    (fp_line (start -1 0.6) (end -1 -0.6) (layer F.Fab) (width 0.1))
    (fp_text user %R (at 0 0) (layer F.Fab)
      (effects (font (size 0.5 0.5) (thickness 0.08)))
    )
    (pad 1 smd roundrect (at -0.9375 0 180) (size 0.975 1.4) (layers F.Cu F.Paste F.Mask) (roundrect_rratio 0.25)
      (net 27 "Net-(J1-Pad5)"))
    (pad 2 smd roundrect (at 0.9375 0 180) (size 0.975 1.4) (layers F.Cu F.Paste F.Mask) (roundrect_rratio 0.25)
      (net 7 SET_LOCK))
    (model ${KISYS3DMOD}/Resistor_SMD.3dshapes/R_0805_2012Metric.wrl
      (at (xyz 0 0 0))
      (scale (xyz 1 1 1))
      (rotate (xyz 0 0 0))
    )
  )

  (module Pufferfish:RES_SMD_0805 (layer F.Cu) (tedit 5EBD67CB) (tstamp 5F0A702F)
    (at 40.64 18.796 180)
    (descr "Resistor SMD 0805 (2012 Metric), square (rectangular) end terminal, IPC_7351 nominal, (Body size source: https://docs.google.com/spreadsheets/d/1BsfQQcO9C6DZCsRaXUlFlo91Tg2WpOkGARC1WS5S8t0/edit?usp=sharing), generated with kicad-footprint-generator")
    (tags resistor)
    (path /5F074012/5EFF5CEB)
    (attr smd)
    (fp_text reference R25 (at 2.5527 0.59944 270) (layer F.SilkS)
      (effects (font (size 1 1) (thickness 0.15)))
    )
    (fp_text value RES_SMD_0805 (at 0 1.65) (layer F.Fab)
      (effects (font (size 1 1) (thickness 0.15)))
    )
    (fp_line (start 1.68 0.95) (end -1.68 0.95) (layer F.CrtYd) (width 0.05))
    (fp_line (start 1.68 -0.95) (end 1.68 0.95) (layer F.CrtYd) (width 0.05))
    (fp_line (start -1.68 -0.95) (end 1.68 -0.95) (layer F.CrtYd) (width 0.05))
    (fp_line (start -1.68 0.95) (end -1.68 -0.95) (layer F.CrtYd) (width 0.05))
    (fp_line (start -0.258578 0.71) (end 0.258578 0.71) (layer F.SilkS) (width 0.12))
    (fp_line (start -0.258578 -0.71) (end 0.258578 -0.71) (layer F.SilkS) (width 0.12))
    (fp_line (start 1 0.6) (end -1 0.6) (layer F.Fab) (width 0.1))
    (fp_line (start 1 -0.6) (end 1 0.6) (layer F.Fab) (width 0.1))
    (fp_line (start -1 -0.6) (end 1 -0.6) (layer F.Fab) (width 0.1))
    (fp_line (start -1 0.6) (end -1 -0.6) (layer F.Fab) (width 0.1))
    (fp_text user %R (at 0 0) (layer F.Fab)
      (effects (font (size 0.5 0.5) (thickness 0.08)))
    )
    (pad 1 smd roundrect (at -0.9375 0 180) (size 0.975 1.4) (layers F.Cu F.Paste F.Mask) (roundrect_rratio 0.25)
      (net 26 "Net-(J1-Pad4)"))
    (pad 2 smd roundrect (at 0.9375 0 180) (size 0.975 1.4) (layers F.Cu F.Paste F.Mask) (roundrect_rratio 0.25)
      (net 65 SET_MANUAL_BREATH))
    (model ${KISYS3DMOD}/Resistor_SMD.3dshapes/R_0805_2012Metric.wrl
      (at (xyz 0 0 0))
      (scale (xyz 1 1 1))
      (rotate (xyz 0 0 0))
    )
  )

  (module Pufferfish:RES_SMD_0805 (layer F.Cu) (tedit 5EBD67CB) (tstamp 5F0A701E)
    (at 45.72 18.796 180)
    (descr "Resistor SMD 0805 (2012 Metric), square (rectangular) end terminal, IPC_7351 nominal, (Body size source: https://docs.google.com/spreadsheets/d/1BsfQQcO9C6DZCsRaXUlFlo91Tg2WpOkGARC1WS5S8t0/edit?usp=sharing), generated with kicad-footprint-generator")
    (tags resistor)
    (path /5F074012/5EFCC910)
    (attr smd)
    (fp_text reference R24 (at 2.42062 1.08966 90) (layer F.SilkS)
      (effects (font (size 1 1) (thickness 0.15)))
    )
    (fp_text value RES_SMD_0805 (at 0 1.65) (layer F.Fab)
      (effects (font (size 1 1) (thickness 0.15)))
    )
    (fp_line (start -1 0.6) (end -1 -0.6) (layer F.Fab) (width 0.1))
    (fp_line (start -1 -0.6) (end 1 -0.6) (layer F.Fab) (width 0.1))
    (fp_line (start 1 -0.6) (end 1 0.6) (layer F.Fab) (width 0.1))
    (fp_line (start 1 0.6) (end -1 0.6) (layer F.Fab) (width 0.1))
    (fp_line (start -0.258578 -0.71) (end 0.258578 -0.71) (layer F.SilkS) (width 0.12))
    (fp_line (start -0.258578 0.71) (end 0.258578 0.71) (layer F.SilkS) (width 0.12))
    (fp_line (start -1.68 0.95) (end -1.68 -0.95) (layer F.CrtYd) (width 0.05))
    (fp_line (start -1.68 -0.95) (end 1.68 -0.95) (layer F.CrtYd) (width 0.05))
    (fp_line (start 1.68 -0.95) (end 1.68 0.95) (layer F.CrtYd) (width 0.05))
    (fp_line (start 1.68 0.95) (end -1.68 0.95) (layer F.CrtYd) (width 0.05))
    (fp_text user %R (at 0 0) (layer F.Fab)
      (effects (font (size 0.5 0.5) (thickness 0.08)))
    )
    (pad 2 smd roundrect (at 0.9375 0 180) (size 0.975 1.4) (layers F.Cu F.Paste F.Mask) (roundrect_rratio 0.25)
      (net 64 SET_100_O2))
    (pad 1 smd roundrect (at -0.9375 0 180) (size 0.975 1.4) (layers F.Cu F.Paste F.Mask) (roundrect_rratio 0.25)
      (net 25 "Net-(J1-Pad3)"))
    (model ${KISYS3DMOD}/Resistor_SMD.3dshapes/R_0805_2012Metric.wrl
      (at (xyz 0 0 0))
      (scale (xyz 1 1 1))
      (rotate (xyz 0 0 0))
    )
  )

  (module Pufferfish:RES_SMD_0805 (layer F.Cu) (tedit 5EBD67CB) (tstamp 5F0A700D)
    (at 51.2295 18.796 180)
    (descr "Resistor SMD 0805 (2012 Metric), square (rectangular) end terminal, IPC_7351 nominal, (Body size source: https://docs.google.com/spreadsheets/d/1BsfQQcO9C6DZCsRaXUlFlo91Tg2WpOkGARC1WS5S8t0/edit?usp=sharing), generated with kicad-footprint-generator")
    (tags resistor)
    (path /5F074012/5EEA32B3)
    (attr smd)
    (fp_text reference R23 (at 2.51738 0.05842 90) (layer F.SilkS)
      (effects (font (size 1 1) (thickness 0.15)))
    )
    (fp_text value RES_SMD_0805 (at 0 1.65) (layer F.Fab)
      (effects (font (size 1 1) (thickness 0.15)))
    )
    (fp_line (start 1.68 0.95) (end -1.68 0.95) (layer F.CrtYd) (width 0.05))
    (fp_line (start 1.68 -0.95) (end 1.68 0.95) (layer F.CrtYd) (width 0.05))
    (fp_line (start -1.68 -0.95) (end 1.68 -0.95) (layer F.CrtYd) (width 0.05))
    (fp_line (start -1.68 0.95) (end -1.68 -0.95) (layer F.CrtYd) (width 0.05))
    (fp_line (start -0.258578 0.71) (end 0.258578 0.71) (layer F.SilkS) (width 0.12))
    (fp_line (start -0.258578 -0.71) (end 0.258578 -0.71) (layer F.SilkS) (width 0.12))
    (fp_line (start 1 0.6) (end -1 0.6) (layer F.Fab) (width 0.1))
    (fp_line (start 1 -0.6) (end 1 0.6) (layer F.Fab) (width 0.1))
    (fp_line (start -1 -0.6) (end 1 -0.6) (layer F.Fab) (width 0.1))
    (fp_line (start -1 0.6) (end -1 -0.6) (layer F.Fab) (width 0.1))
    (fp_text user %R (at 0 0) (layer F.Fab)
      (effects (font (size 0.5 0.5) (thickness 0.08)))
    )
    (pad 1 smd roundrect (at -0.9375 0 180) (size 0.975 1.4) (layers F.Cu F.Paste F.Mask) (roundrect_rratio 0.25)
      (net 24 "Net-(J1-Pad2)"))
    (pad 2 smd roundrect (at 0.9375 0 180) (size 0.975 1.4) (layers F.Cu F.Paste F.Mask) (roundrect_rratio 0.25)
      (net 6 SET_ALARM_EN))
    (model ${KISYS3DMOD}/Resistor_SMD.3dshapes/R_0805_2012Metric.wrl
      (at (xyz 0 0 0))
      (scale (xyz 1 1 1))
      (rotate (xyz 0 0 0))
    )
  )

  (module Pufferfish:RES_SMD_0805 (layer F.Cu) (tedit 5EBD67CB) (tstamp 5F0A6FFC)
    (at 34.6225 17.018)
    (descr "Resistor SMD 0805 (2012 Metric), square (rectangular) end terminal, IPC_7351 nominal, (Body size source: https://docs.google.com/spreadsheets/d/1BsfQQcO9C6DZCsRaXUlFlo91Tg2WpOkGARC1WS5S8t0/edit?usp=sharing), generated with kicad-footprint-generator")
    (tags resistor)
    (path /5F074012/5EFFC781)
    (attr smd)
    (fp_text reference R22 (at -2.9487 1.10998) (layer F.SilkS)
      (effects (font (size 1 1) (thickness 0.15)))
    )
    (fp_text value RES_SMD_0805 (at 0 1.65) (layer F.Fab)
      (effects (font (size 1 1) (thickness 0.15)))
    )
    (fp_line (start -1 0.6) (end -1 -0.6) (layer F.Fab) (width 0.1))
    (fp_line (start -1 -0.6) (end 1 -0.6) (layer F.Fab) (width 0.1))
    (fp_line (start 1 -0.6) (end 1 0.6) (layer F.Fab) (width 0.1))
    (fp_line (start 1 0.6) (end -1 0.6) (layer F.Fab) (width 0.1))
    (fp_line (start -0.258578 -0.71) (end 0.258578 -0.71) (layer F.SilkS) (width 0.12))
    (fp_line (start -0.258578 0.71) (end 0.258578 0.71) (layer F.SilkS) (width 0.12))
    (fp_line (start -1.68 0.95) (end -1.68 -0.95) (layer F.CrtYd) (width 0.05))
    (fp_line (start -1.68 -0.95) (end 1.68 -0.95) (layer F.CrtYd) (width 0.05))
    (fp_line (start 1.68 -0.95) (end 1.68 0.95) (layer F.CrtYd) (width 0.05))
    (fp_line (start 1.68 0.95) (end -1.68 0.95) (layer F.CrtYd) (width 0.05))
    (fp_text user %R (at 0 0) (layer F.Fab)
      (effects (font (size 0.5 0.5) (thickness 0.08)))
    )
    (pad 2 smd roundrect (at 0.9375 0) (size 0.975 1.4) (layers F.Cu F.Paste F.Mask) (roundrect_rratio 0.25)
      (net 27 "Net-(J1-Pad5)"))
    (pad 1 smd roundrect (at -0.9375 0) (size 0.975 1.4) (layers F.Cu F.Paste F.Mask) (roundrect_rratio 0.25)
      (net 10 3.3V))
    (model ${KISYS3DMOD}/Resistor_SMD.3dshapes/R_0805_2012Metric.wrl
      (at (xyz 0 0 0))
      (scale (xyz 1 1 1))
      (rotate (xyz 0 0 0))
    )
  )

  (module Pufferfish:RES_SMD_0805 (layer F.Cu) (tedit 5EBD67CB) (tstamp 5F0A6FEB)
    (at 40.5615 16.256)
    (descr "Resistor SMD 0805 (2012 Metric), square (rectangular) end terminal, IPC_7351 nominal, (Body size source: https://docs.google.com/spreadsheets/d/1BsfQQcO9C6DZCsRaXUlFlo91Tg2WpOkGARC1WS5S8t0/edit?usp=sharing), generated with kicad-footprint-generator")
    (tags resistor)
    (path /5F074012/5EFF5CDE)
    (attr smd)
    (fp_text reference R21 (at 1.4501 -1.79832) (layer F.SilkS)
      (effects (font (size 1 1) (thickness 0.15)))
    )
    (fp_text value RES_SMD_0805 (at 0 1.65) (layer F.Fab)
      (effects (font (size 1 1) (thickness 0.15)))
    )
    (fp_line (start -1 0.6) (end -1 -0.6) (layer F.Fab) (width 0.1))
    (fp_line (start -1 -0.6) (end 1 -0.6) (layer F.Fab) (width 0.1))
    (fp_line (start 1 -0.6) (end 1 0.6) (layer F.Fab) (width 0.1))
    (fp_line (start 1 0.6) (end -1 0.6) (layer F.Fab) (width 0.1))
    (fp_line (start -0.258578 -0.71) (end 0.258578 -0.71) (layer F.SilkS) (width 0.12))
    (fp_line (start -0.258578 0.71) (end 0.258578 0.71) (layer F.SilkS) (width 0.12))
    (fp_line (start -1.68 0.95) (end -1.68 -0.95) (layer F.CrtYd) (width 0.05))
    (fp_line (start -1.68 -0.95) (end 1.68 -0.95) (layer F.CrtYd) (width 0.05))
    (fp_line (start 1.68 -0.95) (end 1.68 0.95) (layer F.CrtYd) (width 0.05))
    (fp_line (start 1.68 0.95) (end -1.68 0.95) (layer F.CrtYd) (width 0.05))
    (fp_text user %R (at 0 0) (layer F.Fab)
      (effects (font (size 0.5 0.5) (thickness 0.08)))
    )
    (pad 2 smd roundrect (at 0.9375 0) (size 0.975 1.4) (layers F.Cu F.Paste F.Mask) (roundrect_rratio 0.25)
      (net 26 "Net-(J1-Pad4)"))
    (pad 1 smd roundrect (at -0.9375 0) (size 0.975 1.4) (layers F.Cu F.Paste F.Mask) (roundrect_rratio 0.25)
      (net 10 3.3V))
    (model ${KISYS3DMOD}/Resistor_SMD.3dshapes/R_0805_2012Metric.wrl
      (at (xyz 0 0 0))
      (scale (xyz 1 1 1))
      (rotate (xyz 0 0 0))
    )
  )

  (module Pufferfish:RES_SMD_0805 (layer F.Cu) (tedit 5EBD67CB) (tstamp 5F0A6FDA)
    (at 45.72 16.256)
    (descr "Resistor SMD 0805 (2012 Metric), square (rectangular) end terminal, IPC_7351 nominal, (Body size source: https://docs.google.com/spreadsheets/d/1BsfQQcO9C6DZCsRaXUlFlo91Tg2WpOkGARC1WS5S8t0/edit?usp=sharing), generated with kicad-footprint-generator")
    (tags resistor)
    (path /5F074012/5EFCC903)
    (attr smd)
    (fp_text reference R20 (at 1.6256 -1.86182 180) (layer F.SilkS)
      (effects (font (size 1 1) (thickness 0.15)))
    )
    (fp_text value RES_SMD_0805 (at 0 1.65) (layer F.Fab)
      (effects (font (size 1 1) (thickness 0.15)))
    )
    (fp_line (start 1.68 0.95) (end -1.68 0.95) (layer F.CrtYd) (width 0.05))
    (fp_line (start 1.68 -0.95) (end 1.68 0.95) (layer F.CrtYd) (width 0.05))
    (fp_line (start -1.68 -0.95) (end 1.68 -0.95) (layer F.CrtYd) (width 0.05))
    (fp_line (start -1.68 0.95) (end -1.68 -0.95) (layer F.CrtYd) (width 0.05))
    (fp_line (start -0.258578 0.71) (end 0.258578 0.71) (layer F.SilkS) (width 0.12))
    (fp_line (start -0.258578 -0.71) (end 0.258578 -0.71) (layer F.SilkS) (width 0.12))
    (fp_line (start 1 0.6) (end -1 0.6) (layer F.Fab) (width 0.1))
    (fp_line (start 1 -0.6) (end 1 0.6) (layer F.Fab) (width 0.1))
    (fp_line (start -1 -0.6) (end 1 -0.6) (layer F.Fab) (width 0.1))
    (fp_line (start -1 0.6) (end -1 -0.6) (layer F.Fab) (width 0.1))
    (fp_text user %R (at 0 0) (layer F.Fab)
      (effects (font (size 0.5 0.5) (thickness 0.08)))
    )
    (pad 1 smd roundrect (at -0.9375 0) (size 0.975 1.4) (layers F.Cu F.Paste F.Mask) (roundrect_rratio 0.25)
      (net 10 3.3V))
